                            OLS Regression Results                            
==============================================================================
Dep. Variable:         salaire_annuel   R-squared:                       0.478
Model:                            OLS   Adj. R-squared:                  0.469
Method:                 Least Squares   F-statistic:                     51.16
Date:                Sat, 28 Dec 2024   Prob (F-statistic):               0.00
Time:                        19:48:00   Log-Likelihood:            -1.1846e+05
No. Observations:               11371   AIC:                         2.373e+05
Df Residuals:                   11170   BIC:                         2.388e+05
Df Model:                         200                                         
Covariance Type:            nonrobust                                         
==============================================================================================
                                 coef    std err          t      P>|t|      [0.025      0.975]
----------------------------------------------------------------------------------------------
const                       1.857e+04    805.231     23.060      0.000     1.7e+04    2.01e+04
etude_requise               2113.6787     54.568     38.735      0.000    2006.716    2220.641
experience_requise           121.9332      3.744     32.571      0.000     114.595     129.271
source_Agriculture          -430.5143    380.717     -1.131      0.258   -1176.787     315.758
source_Conseil             -1551.4934    279.696     -5.547      0.000   -2099.746   -1003.241
source_Data                 5612.8510    774.697      7.245      0.000    4094.308    7131.394
source_E-commerce          -2567.0921    675.204     -3.802      0.000   -3890.611   -1243.573
source_Education            -390.8210    299.331     -1.306      0.192    -977.563     195.921
source_Environnement        1641.3490    322.769      5.085      0.000    1008.665    2274.033
source_Finance              6634.0702    349.177     18.999      0.000    5949.622    7318.519
source_Hotellerie          -1031.4880    484.053     -2.131      0.033   -1980.318     -82.659
source_Immobilier            -10.6142    420.368     -0.025      0.980    -834.609     813.381
source_Informatique         1332.2184    296.036      4.500      0.000     751.935    1912.501
source_Ingenierie           2564.1123    621.086      4.128      0.000    1346.674    3781.551
source_Juridique            1314.4735    420.500      3.126      0.002     490.219    2138.728
source_Marketing            1425.3737    487.995      2.921      0.003     468.818    2381.930
source_Media                1906.0555    403.956      4.718      0.000    1114.231    2697.880
source_Ressources_Humaines   -61.2964    314.430     -0.195      0.845    -677.634     555.041
source_Sante                1914.2392    299.473      6.392      0.000    1327.220    2501.258
source_Transport             439.5523    340.277      1.292      0.196    -227.451    1106.555
source_Vente                -172.1904    347.718     -0.495      0.620    -853.778     509.397
departement_                6382.2829    514.571     12.403      0.000    5373.634    7390.932
departement_1.0            -1559.9727   4056.184     -0.385      0.701   -9510.809    6390.864
departement_10.0           -1536.1218    989.014     -1.553      0.120   -3474.763     402.520
departement_11.0            1403.4832    895.941      1.566      0.117    -352.718    3159.685
departement_12.0            -575.3608   1016.262     -0.566      0.571   -2567.414    1416.692
departement_13.0             724.7393    413.028      1.755      0.079     -84.869    1534.348
departement_14.0            -554.7136    835.975     -0.664      0.507   -2193.372    1083.945
departement_15.0           -1937.2961   1290.818     -1.501      0.133   -4467.527     592.935
departement_16.0               6.2837    971.195      0.006      0.995   -1897.430    1909.998
departement_17.0           -1689.3641    765.091     -2.208      0.027   -3189.078    -189.650
departement_18.0            -546.5618   1222.810     -0.447      0.655   -2943.485    1850.361
departement_19.0           -1449.7440   1315.943     -1.102      0.271   -4029.224    1129.736
departement_2.0             3.301e-11   1.46e-11      2.255      0.024    4.31e-12    6.17e-11
departement_20.0            -771.9851   1044.791     -0.739      0.460   -2819.960    1275.990
departement_21.0            -306.4670    721.262     -0.425      0.671   -1720.267    1107.333
departement_22.0           -2115.4411    889.709     -2.378      0.017   -3859.428    -371.455
departement_23.0           -1153.1494   1589.544     -0.725      0.468   -4268.936    1962.637
departement_24.0             142.2841   1019.927      0.140      0.889   -1856.953    2141.521
departement_25.0            -264.2962    820.396     -0.322      0.747   -1872.418    1343.825
departement_26.0             139.9171    803.468      0.174      0.862   -1435.022    1714.857
departement_27.0            -988.6759    989.962     -0.999      0.318   -2929.175     951.824
departement_28.0           -1822.9683   1196.038     -1.524      0.127   -4167.414     521.477
departement_29.0           -1009.9441    673.068     -1.501      0.134   -2329.276     309.388
departement_3.0            -4316.4017   4699.270     -0.919      0.358   -1.35e+04    4894.997
departement_30.0           -2363.1402    822.680     -2.872      0.004   -3975.739    -750.542
departement_31.0            -371.6876    460.717     -0.807      0.420   -1274.774     531.399
departement_32.0             768.1328   1183.817      0.649      0.516   -1552.358    3088.624
departement_33.0             184.5326    488.962      0.377      0.706    -773.919    1142.984
departement_34.0            -508.5304    540.414     -0.941      0.347   -1567.836     550.776
departement_35.0             -35.8282    605.592     -0.059      0.953   -1222.896    1151.240
departement_36.0           -1444.6548   1291.784     -1.118      0.263   -3976.780    1087.470
departement_37.0            1555.7471    957.377      1.625      0.104    -320.881    3432.375
departement_38.0            -127.4569    535.262     -0.238      0.812   -1176.665     921.752
departement_39.0            -507.4764   1308.076     -0.388      0.698   -3071.536    2056.584
departement_4.0             3919.1149   4777.616      0.820      0.412   -5445.855    1.33e+04
departement_40.0            1625.1482   1261.952      1.288      0.198    -848.500    4098.797
departement_41.0              53.8174    806.883      0.067      0.947   -1527.816    1635.451
departement_42.0           -1426.4069    812.506     -1.756      0.079   -3019.062     166.248
departement_43.0           -2224.3285   1421.691     -1.565      0.118   -5011.093     562.436
departement_44.0              47.4533    481.237      0.099      0.921    -895.855     990.762
departement_45.0            -514.3273    783.177     -0.657      0.511   -2049.492    1020.838
departement_46.0            -647.2237   1247.785     -0.519      0.604   -3093.103    1798.655
departement_47.0           -1639.7491   1277.736     -1.283      0.199   -4144.338     864.840
departement_48.0             403.3943   1876.448      0.215      0.830   -3274.774    4081.563
departement_49.0            -347.8368    761.114     -0.457      0.648   -1839.754    1144.080
departement_5.0              953.6908   4749.422      0.201      0.841   -8356.014    1.03e+04
departement_50.0              25.9039    861.386      0.030      0.976   -1662.564    1714.371
departement_51.0           -1322.0026    697.742     -1.895      0.058   -2689.701      45.695
departement_52.0            -450.3640   1278.825     -0.352      0.725   -2957.086    2056.358
departement_53.0           -2172.8879   1117.380     -1.945      0.052   -4363.150      17.374
departement_54.0            -640.8843    646.741     -0.991      0.322   -1908.610     626.842
departement_55.0            -944.2003   1249.408     -0.756      0.450   -3393.259    1504.859
departement_56.0              48.5507    866.686      0.056      0.955   -1650.306    1747.408
departement_57.0              45.1050    683.312      0.066      0.947   -1294.307    1384.517
departement_58.0             145.0893   1488.821      0.097      0.922   -2773.262    3063.441
departement_59.0           -1550.9751    498.958     -3.108      0.002   -2529.020    -572.930
departement_6.0            -1639.0325   2263.565     -0.724      0.469   -6076.020    2797.955
departement_60.0             -12.8754    667.096     -0.019      0.985   -1320.502    1294.751
departement_61.0           -1165.9476    904.308     -1.289      0.197   -2938.551     606.656
departement_62.0           -1090.0699    706.477     -1.543      0.123   -2474.889     294.749
departement_63.0           -1014.0279    766.020     -1.324      0.186   -2515.563     487.507
departement_64.0             841.2134    783.233      1.074      0.283    -694.061    2376.488
departement_65.0            -145.3679    980.612     -0.148      0.882   -2067.540    1776.805
departement_66.0           -1163.9581   1073.200     -1.085      0.278   -3267.619     939.702
departement_67.0           -1101.1053    594.664     -1.852      0.064   -2266.753      64.542
departement_68.0            -193.4398    753.754     -0.257      0.797   -1670.931    1284.051
departement_69.0             380.5349    385.794      0.986      0.324    -375.689    1136.759
departement_7.0              247.0948   3068.267      0.081      0.936   -5767.249    6261.439
departement_70.0           -1971.1503   1466.431     -1.344      0.179   -4845.614     903.313
departement_71.0           -1006.6901    776.250     -1.297      0.195   -2528.278     514.897
departement_72.0           -2264.1805   1062.971     -2.130      0.033   -4347.792    -180.569
departement_73.0             157.8850    845.119      0.187      0.852   -1498.698    1814.468
departement_74.0             987.7480    600.369      1.645      0.100    -189.081    2164.577
departement_75.0            3147.0583    397.241      7.922      0.000    2368.396    3925.721
departement_76.0           -1070.7509    605.049     -1.770      0.077   -2256.753     115.252
departement_77.0             798.8333    598.986      1.334      0.182    -375.284    1972.951
departement_78.0            1345.4960    649.054      2.073      0.038      73.236    2617.756
departement_79.0            1200.5368   1003.685      1.196      0.232    -766.862    3167.936
departement_8.0             -516.2227   4062.049     -0.127      0.899   -8478.555    7446.109
departement_80.0           -1741.3341    830.691     -2.096      0.036   -3369.635    -113.033
departement_81.0           -2116.9515    963.563     -2.197      0.028   -4005.705    -228.198
departement_82.0            -231.1823    964.481     -0.240      0.811   -2121.735    1659.371
departement_83.0            -190.4626    664.369     -0.287      0.774   -1492.744    1111.819
departement_84.0           -1812.7086    720.213     -2.517      0.012   -3224.453    -400.964
departement_85.0           -2343.6475    892.831     -2.625      0.009   -4093.754    -593.541
departement_86.0           -1739.2911    984.434     -1.767      0.077   -3668.955     190.373
departement_87.0            -750.1369   1325.144     -0.566      0.571   -3347.653    1847.379
departement_88.0           -1617.7271    978.682     -1.653      0.098   -3536.117     300.663
departement_89.0            1632.3412   1062.208      1.537      0.124    -449.774    3714.456
departement_9.0             9.053e-12    6.8e-12      1.331      0.183   -4.28e-12    2.24e-11
departement_90.0             169.6674   1467.553      0.116      0.908   -2706.996    3046.331
departement_91.0            1250.0022    665.376      1.879      0.060     -54.251    2554.256
departement_92.0            2170.0770    469.376      4.623      0.000    1250.017    3090.137
departement_93.0             699.8353    651.076      1.075      0.282    -576.389    1976.060
departement_94.0            1979.5365    564.937      3.504      0.000     872.161    3086.912
departement_95.0             520.3874    690.684      0.753      0.451    -833.474    1874.249
departement_96.0           -5.242e-12   7.33e-12     -0.715      0.474   -1.96e-11    9.12e-12
departement_97.0           -1171.3929    685.413     -1.709      0.087   -2514.923     172.137
departement_98.0            5.237e+04   5727.882      9.144      0.000    4.11e+04    6.36e+04
contrat_0                    393.2904    777.626      0.506      0.613   -1130.994    1917.575
contrat_1                  -2261.8163    788.217     -2.870      0.004   -3806.861    -716.772
contrat_10                   1.51e-11   5.48e-12      2.754      0.006    4.35e-12    2.58e-11
contrat_2                  -3211.9323    836.791     -3.838      0.000   -4852.191   -1571.674
contrat_3                   1816.7719   3005.076      0.605      0.545   -4073.707    7707.251
contrat_4                   3801.9598   3653.949      1.041      0.298   -3360.424     1.1e+04
contrat_5                   1.838e+04   2517.230      7.301      0.000    1.34e+04    2.33e+04
contrat_6                  -1.385e-11   6.31e-12     -2.194      0.028   -2.62e-11   -1.48e-12
contrat_7                   -346.7337   1158.807     -0.299      0.765   -2618.200    1924.732
contrat_8                   1.569e-11   5.17e-12      3.033      0.002    5.55e-12    2.58e-11
contrat_9                   2.037e-11    7.6e-12      2.679      0.007    5.47e-12    3.53e-11
secteur_activite_           1222.0363    411.939      2.967      0.003     414.563    2029.509
secteur_activite_1.0       -1436.0358    950.806     -1.510      0.131   -3299.783     427.712
secteur_activite_10.0      -3821.2677   1311.639     -2.913      0.004   -6392.312   -1250.224
secteur_activite_11.0      -8549.0425   3641.553     -2.348      0.019   -1.57e+04   -1410.957
secteur_activite_13.0        -38.6194   5749.063     -0.007      0.995   -1.13e+04    1.12e+04
secteur_activite_14.0      -9858.2127   5744.575     -1.716      0.086   -2.11e+04    1402.168
secteur_activite_15.0       5613.2971   8098.813      0.693      0.488   -1.03e+04    2.15e+04
secteur_activite_16.0      -7486.8573   4733.944     -1.582      0.114   -1.68e+04    1792.507
secteur_activite_17.0       3083.2538   4699.773      0.656      0.512   -6129.130    1.23e+04
secteur_activite_18.0      -4922.3777   2734.992     -1.800      0.072   -1.03e+04     438.689
secteur_activite_19.0       3.654e-12   4.44e-12      0.823      0.411   -5.05e-12    1.24e-11
secteur_activite_2.0        6705.8944   5809.326      1.154      0.248   -4681.410    1.81e+04
secteur_activite_20.0       1431.1464   1767.765      0.810      0.418   -2033.985    4896.278
secteur_activite_21.0       3837.7780   2377.130      1.614      0.106    -821.816    8497.372
secteur_activite_22.0      -2021.7599   2281.925     -0.886      0.376   -6494.735    2451.215
secteur_activite_23.0       1310.9226   2371.592      0.553      0.580   -3337.817    5959.662
secteur_activite_24.0       9147.2501   2586.056      3.537      0.000    4078.125    1.42e+04
secteur_activite_25.0       7308.7419   1165.997      6.268      0.000    5023.183    9594.301
secteur_activite_26.0       2451.9361   1612.004      1.521      0.128    -707.877    5611.749
secteur_activite_27.0       1958.5151   2373.856      0.825      0.409   -2694.661    6611.692
secteur_activite_28.0       1158.4061   1402.995      0.826      0.409   -1591.712    3908.524
secteur_activite_29.0       2755.9393   2003.418      1.376      0.169   -1171.113    6682.992
secteur_activite_30.0       5410.8512   2370.269      2.283      0.022     764.706    1.01e+04
secteur_activite_31.0      -3496.9167   5755.221     -0.608      0.543   -1.48e+04    7784.332
secteur_activite_32.0       -794.7247   1965.184     -0.404      0.686   -4646.831    3057.382
secteur_activite_33.0       2541.3380    965.845      2.631      0.009     648.111    4434.565
secteur_activite_35.0        249.5612   1642.703      0.152      0.879   -2970.427    3469.549
secteur_activite_36.0      -2242.1406   4696.752     -0.477      0.633   -1.14e+04    6964.321
secteur_activite_37.0      -1787.1084   4068.442     -0.439      0.660   -9761.972    6187.756
secteur_activite_38.0      -3069.2640   1767.611     -1.736      0.083   -6534.093     395.565
secteur_activite_39.0        587.0527   8114.793      0.072      0.942   -1.53e+04    1.65e+04
secteur_activite_41.0      -5484.8696   1506.777     -3.640      0.000   -8438.418   -2531.321
secteur_activite_42.0        166.6029   1662.756      0.100      0.920   -3092.692    3425.898
secteur_activite_43.0        -56.2256    970.516     -0.058      0.954   -1958.607    1846.156
secteur_activite_45.0       -746.9514    786.770     -0.949      0.342   -2289.159     795.256
secteur_activite_46.0       -241.0661    589.842     -0.409      0.683   -1397.260     915.128
secteur_activite_47.0      -1317.1501    619.261     -2.127      0.033   -2531.011    -103.289
secteur_activite_49.0       -832.4087    707.789     -1.176      0.240   -2219.801     554.983
secteur_activite_50.0       3932.1402   3647.008      1.078      0.281   -3216.640    1.11e+04
secteur_activite_51.0      -2376.6669   4701.431     -0.506      0.613   -1.16e+04    6838.967
secteur_activite_52.0       -198.6635   1124.939     -0.177      0.860   -2403.742    2006.415
secteur_activite_53.0       1.282e+04   5739.059      2.234      0.026    1570.258    2.41e+04
secteur_activite_55.0      -1582.6414    746.106     -2.121      0.034   -3045.141    -120.142
secteur_activite_56.0      -1010.4956    815.084     -1.240      0.215   -2608.203     587.212
secteur_activite_58.0         37.3444   1311.252      0.028      0.977   -2532.940    2607.629
secteur_activite_59.0      -7586.9174   8087.578     -0.938      0.348   -2.34e+04    8266.161
secteur_activite_6.0         5.96e-12   3.06e-12      1.947      0.052   -3.98e-14     1.2e-11
secteur_activite_60.0        969.6327   4689.793      0.207      0.836   -8223.188    1.02e+04
secteur_activite_61.0      -4276.4951   1583.095     -2.701      0.007   -7379.641   -1173.349
secteur_activite_62.0       2007.1852    590.591      3.399      0.001     849.522    3164.848
secteur_activite_63.0       -862.1427   1609.562     -0.536      0.592   -4017.168    2292.882
secteur_activite_64.0      -1707.4236    823.476     -2.073      0.038   -3321.581     -93.266
secteur_activite_65.0       -794.8251   1416.960     -0.561      0.575   -3572.316    1982.665
secteur_activite_66.0      -2833.3242    961.539     -2.947      0.003   -4718.111    -948.538
secteur_activite_68.0        592.3275    607.039      0.976      0.329    -597.576    1782.231
secteur_activite_69.0      -1312.6422    772.866     -1.698      0.089   -2827.595     202.311
secteur_activite_7.0       -4.031e-12   2.76e-12     -1.461      0.144   -9.44e-12    1.38e-12
secteur_activite_70.0        378.9753    490.169      0.773      0.439    -581.843    1339.793
secteur_activite_71.0      -2406.7749    633.039     -3.802      0.000   -3647.644   -1165.906
secteur_activite_72.0      -1716.1398   1379.044     -1.244      0.213   -4419.309     987.029
secteur_activite_73.0       4146.3870   1913.571      2.167      0.030     395.450    7897.324
secteur_activite_74.0      -1980.6690   1765.324     -1.122      0.262   -5441.016    1479.678
secteur_activite_75.0      -2850.5076   5744.831     -0.496      0.620   -1.41e+04    8410.375
secteur_activite_77.0        409.4814    870.429      0.470      0.638   -1296.713    2115.676
secteur_activite_78.0       -336.9942    446.983     -0.754      0.451   -1213.159     539.171
secteur_activite_79.0      -3232.9360   1731.551     -1.867      0.062   -6627.081     161.209
secteur_activite_8.0        1.124e-12   5.24e-13      2.143      0.032    9.58e-14    2.15e-12
secteur_activite_80.0      -2913.6922   1895.177     -1.537      0.124   -6628.573     801.188
secteur_activite_81.0      -2718.8723   1628.191     -1.670      0.095   -5910.415     472.670
secteur_activite_82.0      -1431.1116    833.510     -1.717      0.086   -3064.938     202.715
secteur_activite_84.0      -2322.2323    502.858     -4.618      0.000   -3307.924   -1336.541
secteur_activite_85.0      -3284.7096    544.145     -6.036      0.000   -4351.330   -2218.089
secteur_activite_86.0       -695.8693    549.833     -1.266      0.206   -1773.638     381.900
secteur_activite_87.0      -2447.4411    493.317     -4.961      0.000   -3414.429   -1480.454
secteur_activite_88.0      -4115.1413    474.925     -8.665      0.000   -5046.078   -3184.204
secteur_activite_9.0        8905.1903   2964.843      3.004      0.003    3093.575    1.47e+04
secteur_activite_90.0      -3635.9002   2476.190     -1.468      0.142   -8489.669    1217.868
secteur_activite_91.0      -3954.0236   2294.841     -1.723      0.085   -8452.317     544.270
secteur_activite_92.0       8654.3406   5748.680      1.505      0.132   -2614.086    1.99e+04
secteur_activite_93.0      -3875.0079   1143.337     -3.389      0.001   -6116.151   -1633.865
secteur_activite_94.0      -4838.0208    604.651     -8.001      0.000   -6023.243   -3652.798
secteur_activite_95.0      -5868.5134   1833.228     -3.201      0.001   -9461.963   -2275.063
secteur_activite_96.0       -361.7410   1186.968     -0.305      0.761   -2688.407    1964.925
secteur_activite_97.0       4.384e+04   8089.145      5.420      0.000     2.8e+04    5.97e+04
secteur_activite_99.0       1.267e+04   2074.755      6.105      0.000    8599.422    1.67e+04
==============================================================================
Omnibus:                     6918.876   Durbin-Watson:                   1.734
Prob(Omnibus):                  0.000   Jarque-Bera (JB):           307958.571
Skew:                           2.283   Prob(JB):                         0.00
Kurtosis:                      28.083   Cond. No.                     3.23e+16
==============================================================================

Notes:
[1] Standard Errors assume that the covariance matrix of the errors is correctly specified.
[2] The smallest eigenvalue is 9.23e-27. This might indicate that there are
strong multicollinearity problems or that the design matrix is singular.