                            OLS Regression Results                            
==============================================================================
Dep. Variable:         salaire_annuel   R-squared:                       0.479
Model:                            OLS   Adj. R-squared:                  0.470
Method:                 Least Squares   F-statistic:                     52.32
Date:                Sun, 29 Dec 2024   Prob (F-statistic):               0.00
Time:                        22:38:19   Log-Likelihood:            -1.2041e+05
No. Observations:               11561   AIC:                         2.412e+05
Df Residuals:                   11360   BIC:                         2.427e+05
Df Model:                         200                                         
Covariance Type:            nonrobust                                         
==============================================================================================
                                 coef    std err          t      P>|t|      [0.025      0.975]
----------------------------------------------------------------------------------------------
const                       2.505e+04    874.746     28.633      0.000    2.33e+04    2.68e+04
etude_requise               2125.0533     53.772     39.520      0.000    2019.651    2230.456
experience_requise           122.1667      3.700     33.022      0.000     114.915     129.418
source_Agriculture            34.8247    378.028      0.092      0.927    -706.175     775.824
source_Conseil             -1158.5364    280.001     -4.138      0.000   -1707.387    -609.686
source_Data                 6008.0373    772.165      7.781      0.000    4494.461    7521.614
source_E-commerce          -2139.0240    672.257     -3.182      0.001   -3456.765    -821.284
source_Education              12.9014    298.821      0.043      0.966    -572.840     598.643
source_Environnement        2057.9654    315.263      6.528      0.000    1439.995    2675.936
source_Finance              6856.2376    341.837     20.057      0.000    6186.179    7526.296
source_Hotellerie           -623.3059    480.028     -1.298      0.194   -1564.244     317.632
source_Immobilier            378.7294    418.655      0.905      0.366    -441.906    1199.365
source_Informatique         1753.5100    293.554      5.973      0.000    1178.094    2328.926
source_Ingenierie           2266.8804    562.003      4.034      0.000    1165.257    3368.504
source_Juridique            1708.7256    417.804      4.090      0.000     889.758    2527.693
source_Marketing            1781.8865    480.775      3.706      0.000     839.484    2724.289
source_Media                2292.0407    398.538      5.751      0.000    1510.838    3073.243
source_Ressources_Humaines   360.0556    312.082      1.154      0.249    -251.680     971.791
source_Sante                2320.1766    298.550      7.771      0.000    1734.967    2905.386
source_Transport             927.1643    338.742      2.737      0.006     263.172    1591.157
source_Vente                 208.0305    341.407      0.609      0.542    -461.187     877.248
departement_1.0            -7859.8480   4110.879     -1.912      0.056   -1.59e+04     198.185
departement_2.0            -5.858e-11   1.42e-11     -4.122      0.000   -8.64e-11   -3.07e-11
departement_3.0             -1.04e+04   4756.124     -2.187      0.029   -1.97e+04   -1077.810
departement_4.0            -2322.4398   4827.191     -0.481      0.630   -1.18e+04    7139.689
departement_5.0            -5413.1479   4806.501     -1.126      0.260   -1.48e+04    4008.425
departement_6.0            -7888.2748   2322.468     -3.397      0.001   -1.24e+04   -3335.836
departement_7.0            -6056.7625   3122.279     -1.940      0.052   -1.22e+04      63.445
departement_8.0            -6778.7046   4120.623     -1.645      0.100   -1.49e+04    1298.429
departement_9.0             1.828e-11      1e-11      1.822      0.068   -1.39e-12    3.79e-11
departement_10.0           -7937.3584   1093.107     -7.261      0.000   -1.01e+04   -5794.679
departement_11.0           -4868.0807   1016.088     -4.791      0.000   -6859.789   -2876.372
departement_12.0           -6943.5973   1112.420     -6.242      0.000   -9124.132   -4763.063
departement_13.0           -5607.2451    619.158     -9.056      0.000   -6820.902   -4393.588
departement_14.0           -6866.5059    948.848     -7.237      0.000   -8726.411   -5006.601
departement_15.0           -8220.0716   1381.129     -5.952      0.000   -1.09e+04   -5512.821
departement_16.0           -6274.2239   1079.686     -5.811      0.000   -8390.596   -4157.852
departement_17.0           -7954.5847    902.420     -8.815      0.000   -9723.484   -6185.686
departement_18.0           -6631.7283   1281.735     -5.174      0.000   -9144.151   -4119.305
departement_19.0           -7723.2481   1404.220     -5.500      0.000   -1.05e+04   -4970.734
departement_20.0           -7031.5714   1151.575     -6.106      0.000   -9288.857   -4774.286
departement_21.0           -6531.2425    859.577     -7.598      0.000   -8216.162   -4846.323
departement_22.0           -8239.4809   1002.580     -8.218      0.000   -1.02e+04   -6274.252
departement_23.0           -7444.4141   1666.967     -4.466      0.000   -1.07e+04   -4176.871
departement_24.0           -6122.6108   1129.433     -5.421      0.000   -8336.494   -3908.728
departement_25.0           -6899.6972    933.807     -7.389      0.000   -8730.120   -5069.275
departement_26.0           -6059.9585    920.093     -6.586      0.000   -7863.500   -4256.417
departement_27.0           -7237.4123   1095.535     -6.606      0.000   -9384.850   -5089.975
departement_28.0           -8113.4311   1280.971     -6.334      0.000   -1.06e+04   -5602.507
departement_29.0           -7277.3757    823.053     -8.842      0.000   -8890.701   -5664.050
departement_30.0           -8641.4753    943.891     -9.155      0.000   -1.05e+04   -6791.286
departement_31.0           -6711.1680    648.931    -10.342      0.000   -7983.186   -5439.150
departement_32.0           -5488.7488   1279.528     -4.290      0.000   -7996.845   -2980.653
departement_33.0           -6082.4838    675.416     -9.006      0.000   -7406.416   -4758.552
departement_34.0           -6798.0501    708.977     -9.589      0.000   -8187.768   -5408.332
departement_35.0           -6335.1284    763.508     -8.297      0.000   -7831.736   -4838.521
departement_36.0           -7879.8484   1303.661     -6.044      0.000   -1.04e+04   -5324.447
departement_37.0           -4786.1806   1060.312     -4.514      0.000   -6864.576   -2707.786
departement_38.0           -6487.5890    703.920     -9.216      0.000   -7867.394   -5107.784
departement_39.0           -6786.8410   1398.506     -4.853      0.000   -9528.154   -4045.528
departement_40.0           -4992.4509   1327.947     -3.760      0.000   -7595.456   -2389.445
departement_41.0           -6220.6234    939.394     -6.622      0.000   -8061.998   -4379.249
departement_42.0           -7820.3051    937.352     -8.343      0.000   -9657.677   -5982.934
departement_43.0           -8496.4913   1507.200     -5.637      0.000   -1.15e+04   -5542.120
departement_44.0           -6254.1910    668.053     -9.362      0.000   -7563.691   -4944.691
departement_45.0           -6736.2463    909.135     -7.410      0.000   -8518.309   -4954.184
departement_46.0           -6915.4893   1342.562     -5.151      0.000   -9547.142   -4283.836
departement_47.0           -7904.8733   1369.967     -5.770      0.000   -1.06e+04   -5219.501
departement_48.0           -5874.8173   1948.808     -3.015      0.003   -9694.817   -2054.817
departement_49.0           -6622.0859    894.700     -7.401      0.000   -8375.852   -4868.320
departement_50.0           -6402.3177    975.346     -6.564      0.000   -8314.164   -4490.471
departement_51.0           -7629.3130    841.287     -9.069      0.000   -9278.382   -5980.244
departement_52.0           -6729.9331   1370.331     -4.911      0.000   -9416.019   -4043.847
departement_53.0           -8521.1490   1208.675     -7.050      0.000   -1.09e+04   -6151.937
departement_54.0           -6895.6355    800.681     -8.612      0.000   -8465.108   -5326.163
departement_55.0           -7469.4830   1330.521     -5.614      0.000   -1.01e+04   -4861.432
departement_56.0           -6220.2693    990.392     -6.281      0.000   -8161.608   -4278.931
departement_57.0           -6102.8347    828.578     -7.365      0.000   -7726.991   -4478.678
departement_58.0           -6136.2604   1571.328     -3.905      0.000   -9216.334   -3056.187
departement_59.0           -7655.4678    677.004    -11.308      0.000   -8982.514   -6328.422
departement_60.0           -6355.0864    805.893     -7.886      0.000   -7934.776   -4775.397
departement_61.0           -7437.7005   1022.657     -7.273      0.000   -9442.285   -5433.116
departement_62.0           -7382.6151    847.274     -8.713      0.000   -9043.418   -5721.812
departement_63.0           -7273.1450    897.741     -8.102      0.000   -9032.873   -5513.417
departement_64.0           -5529.5065    900.305     -6.142      0.000   -7294.261   -3764.752
departement_65.0           -6398.3752   1091.464     -5.862      0.000   -8537.832   -4258.918
departement_66.0           -7420.0506   1178.230     -6.298      0.000   -9729.584   -5110.517
departement_67.0           -7253.1364    754.402     -9.614      0.000   -8731.895   -5774.378
departement_68.0           -6432.3766    886.204     -7.258      0.000   -8169.490   -4695.263
departement_69.0           -5911.1439    599.573     -9.859      0.000   -7086.411   -4735.876
departement_70.0           -8224.1259   1550.110     -5.306      0.000   -1.13e+04   -5185.643
departement_71.0           -7340.3556    900.479     -8.152      0.000   -9105.451   -5575.261
departement_72.0           -8265.1619   1142.493     -7.234      0.000   -1.05e+04   -6025.678
departement_73.0           -6095.8686    971.515     -6.275      0.000   -8000.207   -4191.531
departement_74.0           -5269.4891    752.987     -6.998      0.000   -6745.473   -3793.505
departement_75.0           -3187.6424    602.540     -5.290      0.000   -4368.725   -2006.560
departement_76.0           -7433.6380    761.674     -9.760      0.000   -8926.651   -5940.625
departement_77.0           -5534.6077    751.862     -7.361      0.000   -7008.388   -4060.828
departement_78.0           -4989.0042    791.558     -6.303      0.000   -6540.595   -3437.414
departement_79.0           -5079.4848   1094.849     -4.639      0.000   -7225.578   -2933.392
departement_80.0           -7947.4221    947.069     -8.392      0.000   -9803.841   -6091.003
departement_81.0           -8369.9527   1077.606     -7.767      0.000   -1.05e+04   -6257.659
departement_82.0           -6467.9602   1072.881     -6.029      0.000   -8570.993   -4364.927
departement_83.0           -6502.8777    813.934     -7.989      0.000   -8098.330   -4907.426
departement_84.0           -8094.5186    853.843     -9.480      0.000   -9768.198   -6420.839
departement_85.0           -8517.3624   1001.414     -8.505      0.000   -1.05e+04   -6554.418
departement_86.0           -8031.0176   1090.422     -7.365      0.000   -1.02e+04   -5893.602
departement_87.0           -7025.1071   1415.537     -4.963      0.000   -9799.804   -4250.410
departement_88.0           -7877.8100   1091.057     -7.220      0.000      -1e+04   -5739.149
departement_89.0           -4787.5783   1159.732     -4.128      0.000   -7060.853   -2514.304
departement_90.0           -6125.0374   1551.044     -3.949      0.000   -9165.352   -3084.723
departement_91.0           -5035.8158    811.361     -6.207      0.000   -6626.225   -3445.407
departement_92.0           -4177.0227    654.942     -6.378      0.000   -5460.822   -2893.224
departement_93.0           -5689.3213    793.196     -7.173      0.000   -7244.123   -4134.520
departement_94.0           -4387.4450    723.525     -6.064      0.000   -5805.680   -2969.210
departement_95.0           -5646.2190    826.100     -6.835      0.000   -7265.518   -4026.920
departement_96.0             6.84e-12   5.61e-12      1.220      0.223   -4.15e-12    1.78e-11
departement_97.0           -7500.4674    826.644     -9.073      0.000   -9120.832   -5880.103
departement_98.0             4.61e+04   5788.773      7.964      0.000    3.48e+04    5.75e+04
contrat_0                    930.2424    760.229      1.224      0.221    -559.938    2420.423
contrat_1                  -1750.1043    771.285     -2.269      0.023   -3261.956    -238.253
contrat_2                  -2787.4348    819.992     -3.399      0.001   -4394.761   -1180.109
contrat_3                   2283.7643   2993.106      0.763      0.445   -3583.242    8150.770
contrat_4                   4433.1091   3640.893      1.218      0.223   -2703.670    1.16e+04
contrat_5                   2.177e+04   2288.328      9.515      0.000    1.73e+04    2.63e+04
contrat_6                  -2.555e-12   5.38e-12     -0.475      0.635   -1.31e-11    7.99e-12
contrat_7                    162.9868   1143.688      0.143      0.887   -2078.839    2404.813
contrat_8                  -3.194e-12   4.76e-12     -0.672      0.502   -1.25e-11    6.13e-12
contrat_9                   1.605e-11   9.05e-12      1.774      0.076   -1.69e-12    3.38e-11
contrat_10                  4.822e-12   4.69e-12      1.028      0.304   -4.37e-12     1.4e-11
secteur_activite_1.0       -2802.3227    911.372     -3.075      0.002   -4588.769   -1015.876
secteur_activite_2.0        5601.6720   5859.000      0.956      0.339   -5882.980    1.71e+04
secteur_activite_3.0        -6.66e-13   7.47e-12     -0.089      0.929   -1.53e-11     1.4e-11
secteur_activite_6.0       -1.632e-14   5.21e-12     -0.003      0.998   -1.02e-11    1.02e-11
secteur_activite_7.0        4.062e-12   4.13e-12      0.982      0.326   -4.04e-12    1.22e-11
secteur_activite_8.0       -1.628e-12   4.15e-12     -0.393      0.695   -9.76e-12     6.5e-12
secteur_activite_9.0        7789.6651   2977.016      2.617      0.009    1954.200    1.36e+04
secteur_activite_10.0      -5034.1246   1291.042     -3.899      0.000   -7564.790   -2503.459
secteur_activite_11.0      -9593.6852   3665.278     -2.617      0.009   -1.68e+04   -2409.107
secteur_activite_13.0      -1325.6477   5795.945     -0.229      0.819   -1.27e+04       1e+04
secteur_activite_14.0      -1.115e+04   5792.329     -1.925      0.054   -2.25e+04     202.937
secteur_activite_15.0       4263.3626   8168.996      0.522      0.602   -1.17e+04    2.03e+04
secteur_activite_16.0      -8633.7096   4768.611     -1.811      0.070    -1.8e+04     713.592
secteur_activite_17.0       1853.2141   4733.861      0.391      0.695   -7425.971    1.11e+04
secteur_activite_18.0      -6133.8312   2746.902     -2.233      0.026   -1.15e+04    -749.428
secteur_activite_19.0       4.818e-12   5.26e-12      0.916      0.360   -5.49e-12    1.51e-11
secteur_activite_20.0        379.4596   1724.975      0.220      0.826   -3001.790    3760.710
secteur_activite_21.0       2714.7670   2384.065      1.139      0.255   -1958.413    7387.946
secteur_activite_22.0      -3233.1728   2284.785     -1.415      0.157   -7711.747    1245.401
secteur_activite_23.0         96.4439   2378.840      0.041      0.968   -4566.494    4759.382
secteur_activite_24.0       7967.4197   2592.421      3.073      0.002    2885.826     1.3e+04
secteur_activite_25.0       6262.4614   1133.060      5.527      0.000    4041.468    8483.455
secteur_activite_26.0       1447.4495   1603.994      0.902      0.367   -1696.655    4591.554
secteur_activite_27.0        767.8138   2380.645      0.323      0.747   -3898.663    5434.290
secteur_activite_28.0          3.4062   1388.823      0.002      0.998   -2718.926    2725.739
secteur_activite_29.0       1334.6529   1946.739      0.686      0.493   -2481.292    5150.598
secteur_activite_30.0       4238.6654   2376.320      1.784      0.074    -419.333    8896.664
secteur_activite_31.0      -4694.9431   5803.841     -0.809      0.419   -1.61e+04    6681.588
secteur_activite_32.0      -1806.3820   1964.823     -0.919      0.358   -5657.775    2045.011
secteur_activite_33.0       1413.1595    936.028      1.510      0.131    -421.616    3247.935
secteur_activite_35.0       -349.7855   1599.882     -0.219      0.827   -3485.830    2786.259
secteur_activite_36.0      -3334.7195   4733.254     -0.705      0.481   -1.26e+04    5943.276
secteur_activite_37.0      -2998.9270   4097.425     -0.732      0.464    -1.1e+04    5032.734
secteur_activite_38.0      -4316.0825   1725.902     -2.501      0.012   -7699.148    -933.017
secteur_activite_39.0       -496.2671   8186.810     -0.061      0.952   -1.65e+04    1.56e+04
secteur_activite_41.0      -6422.0174   1474.359     -4.356      0.000   -9312.016   -3532.019
secteur_activite_42.0      -1009.8063   1654.362     -0.610      0.542   -4252.641    2233.028
secteur_activite_43.0      -1381.5774    902.493     -1.531      0.126   -3150.619     387.464
secteur_activite_45.0      -1971.6621    751.251     -2.625      0.009   -3444.245    -499.079
secteur_activite_46.0      -1510.7066    521.448     -2.897      0.004   -2532.835    -488.578
secteur_activite_47.0      -2578.0114    566.293     -4.552      0.000   -3688.044   -1467.978
secteur_activite_49.0      -2172.2079    668.409     -3.250      0.001   -3482.406    -862.010
secteur_activite_50.0       2758.9255   3673.486      0.751      0.453   -4441.742    9959.593
secteur_activite_51.0      -3267.9456   4736.958     -0.690      0.490   -1.26e+04    6017.310
secteur_activite_52.0      -1311.5302   1087.094     -1.206      0.228   -3442.422     819.361
secteur_activite_53.0       1.159e+04   5787.321      2.003      0.045     246.846    2.29e+04
secteur_activite_55.0      -2759.6626    704.158     -3.919      0.000   -4139.933   -1379.392
secteur_activite_56.0      -2156.1940    775.990     -2.779      0.005   -3677.269    -635.120
secteur_activite_58.0      -1160.8801   1292.830     -0.898      0.369   -3695.051    1373.291
secteur_activite_59.0        -21.6295   5774.878     -0.004      0.997   -1.13e+04    1.13e+04
secteur_activite_60.0       -226.8827   4724.605     -0.048      0.962   -9487.925    9034.160
secteur_activite_61.0      -5414.5104   1574.419     -3.439      0.001   -8500.643   -2328.378
secteur_activite_62.0        811.6515    523.113      1.552      0.121    -213.741    1837.044
secteur_activite_63.0      -1997.5433   1600.668     -1.248      0.212   -5135.129    1140.042
secteur_activite_64.0      -2856.3469    786.158     -3.633      0.000   -4397.352   -1315.342
secteur_activite_65.0      -1981.3354   1405.925     -1.409      0.159   -4737.191     774.520
secteur_activite_66.0      -4074.3725    927.662     -4.392      0.000   -5892.750   -2255.995
secteur_activite_68.0       -598.8116    557.773     -1.074      0.283   -1692.144     494.521
secteur_activite_69.0      -2458.2254    722.742     -3.401      0.001   -3874.924   -1041.527
secteur_activite_70.0       -803.3711    413.871     -1.941      0.052   -1614.629       7.887
secteur_activite_71.0      -3511.2717    573.252     -6.125      0.000   -4634.945   -2387.598
secteur_activite_72.0      -2838.0732   1363.190     -2.082      0.037   -5510.161    -165.986
secteur_activite_73.0       2966.3603   1906.670      1.556      0.120    -771.042    6703.762
secteur_activite_74.0      -3171.1575   1759.045     -1.803      0.071   -6619.189     276.874
secteur_activite_75.0      -4043.5625   5793.276     -0.698      0.485   -1.54e+04    7312.259
secteur_activite_77.0       -817.9766    836.452     -0.978      0.328   -2457.568     821.614
secteur_activite_78.0      -1483.8559    358.257     -4.142      0.000   -2186.101    -781.610
secteur_activite_79.0      -4489.3123   1693.675     -2.651      0.008   -7809.207   -1169.417
secteur_activite_80.0      -4033.2609   1891.986     -2.132      0.033   -7741.881    -324.641
secteur_activite_81.0      -3999.7789   1561.739     -2.561      0.010   -7061.058    -938.500
secteur_activite_82.0      -2514.6239    783.792     -3.208      0.001   -4050.992    -978.256
secteur_activite_84.0      -3484.1137    432.442     -8.057      0.000   -4331.774   -2636.453
secteur_activite_85.0      -4389.4641    481.257     -9.121      0.000   -5332.811   -3446.117
secteur_activite_86.0      -1914.9375    492.100     -3.891      0.000   -2879.538    -950.337
secteur_activite_87.0      -3649.3161    426.377     -8.559      0.000   -4485.089   -2813.543
secteur_activite_88.0      -5309.3866    403.063    -13.173      0.000   -6099.460   -4519.313
secteur_activite_90.0      -4731.8382   2483.572     -1.905      0.057   -9600.069     136.393
secteur_activite_91.0      -5161.3693   2299.901     -2.244      0.025   -9669.572    -653.166
secteur_activite_92.0       7388.0369   5796.637      1.275      0.202   -3974.374    1.88e+04
secteur_activite_93.0      -4962.2749   1099.136     -4.515      0.000   -7116.771   -2807.778
secteur_activite_94.0      -6058.5175    544.553    -11.126      0.000   -7125.935   -4991.100
secteur_activite_95.0      -7328.3905   1826.915     -4.011      0.000   -1.09e+04   -3747.321
secteur_activite_96.0      -1519.3146   1172.677     -1.296      0.195   -3817.963     779.334
secteur_activite_97.0       4.271e+04   8161.171      5.234      0.000    2.67e+04    5.87e+04
secteur_activite_99.0       1.155e+04   2074.506      5.568      0.000    7484.863    1.56e+04
==============================================================================
Omnibus:                     7011.098   Durbin-Watson:                   1.733
Prob(Omnibus):                  0.000   Jarque-Bera (JB):           311683.979
Skew:                           2.272   Prob(JB):                         0.00
Kurtosis:                      28.028   Cond. No.                     2.04e+16
==============================================================================

Notes:
[1] Standard Errors assume that the covariance matrix of the errors is correctly specified.
[2] The smallest eigenvalue is 2.36e-26. This might indicate that there are
strong multicollinearity problems or that the design matrix is singular.